  -1.7959875e-01
   3.5935911e-02
   6.6907564e-01
  -7.0243835e-01
  -1.9593037e+00
  -6.4301164e-01
   6.9614991e-01
   1.1035701e-01
  -1.2940183e-01
   1.1925835e+00
   1.5474729e+00
  -6.7206806e-02
  -1.0695623e+00
  -1.2817355e-01
  -1.7107632e-01
  -1.2258869e+00
  -8.2162450e-01
   8.6917736e-01
   1.1902217e+00
   1.1458885e-01
   2.3593026e-01
   8.8338262e-01
   1.2838045e-01
  -1.2849539e+00
  -1.0527702e+00
   1.6577267e-01
  -3.0028003e-02
  -5.9523349e-01
   4.8551138e-01
   1.5079581e+00
   5.2646988e-01
  -4.6073254e-01
  -4.6520527e-02
   1.4897567e-01
  -8.5631250e-01
  -1.1774887e+00
   1.4004356e-01
   7.4892526e-01
   1.8361308e-01
   1.1992637e-01
   8.7774761e-01
   6.9343006e-01
  -7.2658284e-01
  -8.5874268e-01
  -1.6175514e-01
  -1.4562449e-01
  -7.2811338e-01
  -1.1817130e-01
   9.5407295e-01
   7.8900383e-01
  -1.4610480e-01
   1.0284903e-01
   4.2639052e-01
  -3.4906027e-01
  -1.1211454e+00
  -4.5723126e-01
   4.0421921e-01
   1.7449305e-02
  -8.9165117e-02
   7.1382630e-01
   9.4188064e-01
  -7.8508882e-02
  -5.7454472e-01
  -2.3728732e-01
  -7.7967033e-02
  -7.0033352e-01
  -4.9281001e-01
   5.5295716e-01
   7.2500047e-01
   1.2836023e-01
   1.6227823e-01
   5.6208948e-01
   3.7188972e-02
  -8.4131252e-01
  -6.8976264e-01
   6.2638607e-02
  -5.0178806e-02
  -2.9616862e-01
   4.0950235e-01
   8.7749769e-01
   3.6177583e-01
  -2.5966618e-01
  -5.7735256e-03
   1.8991155e-02
  -5.4650295e-01
  -7.2071909e-01
  -1.6841774e-03
   4.5237678e-01
   1.6580041e-01
   7.0721943e-02
   5.9906073e-01
   4.1614521e-01
  -4.3940166e-01
  -5.9033166e-01
  -5.1325936e-02
  -1.5159353e-01
  -4.0808845e-01
  -1.5158515e-02
   6.0179777e-01
   4.6586221e-01
