   0.0000000e+00   2.2250403e-01
   2.0000000e-02  -8.1385327e-02
   4.0000000e-02   2.1861593e-01
   6.0000000e-02   1.9221327e-01
   8.0000000e-02  -1.5396746e-01
   1.0000000e-01   2.5389041e-01
   1.2000000e-01   1.9386472e-01
   1.4000000e-01  -1.1101360e-01
   1.6000000e-01  -9.7178693e-02
   1.8000000e-01  -1.8628026e-01
   2.0000000e-01  -3.1633282e-01
   2.2000000e-01  -1.9062228e-01
   2.4000000e-01  -5.0903698e-01
   2.6000000e-01  -8.9357587e-03
   2.8000000e-01  -5.2546428e-01
   3.0000000e-01  -5.2623656e-01
   3.2000000e-01  -3.8455134e-01
   3.4000000e-01  -6.3280120e-01
   3.6000000e-01  -7.0824349e-01
   3.8000000e-01  -8.9758549e-01
   4.0000000e-01  -7.1163108e-01
   4.2000000e-01  -1.0744028e+00
   4.4000000e-01  -6.9807967e-01
   4.6000000e-01  -5.4701499e-01
   4.8000000e-01  -1.0377604e+00
   5.0000000e-01  -7.5228020e-01
   5.2000000e-01  -6.9426279e-01
   5.4000000e-01  -1.2816263e+00
   5.6000000e-01  -1.2654610e+00
   5.8000000e-01  -8.7394539e-01
   6.0000000e-01  -1.0755391e+00
   6.2000000e-01  -8.6140347e-01
   6.4000000e-01  -8.3655973e-01
   6.6000000e-01  -8.5402302e-01
   6.8000000e-01  -7.3152617e-01
   7.0000000e-01  -8.4550271e-01
   7.2000000e-01  -7.2721402e-01
   7.4000000e-01  -1.1885933e+00
   7.6000000e-01  -9.3140306e-01
   7.8000000e-01  -9.3482842e-01
   8.0000000e-01  -1.1971238e+00
   8.2000000e-01  -7.9454626e-01
   8.4000000e-01  -1.0239888e+00
   8.6000000e-01  -4.9345822e-01
   8.8000000e-01  -8.9853120e-01
   9.0000000e-01  -5.9016419e-01
   9.2000000e-01  -6.0796959e-01
   9.4000000e-01  -7.8981323e-01
   9.6000000e-01  -9.9101052e-01
   9.8000000e-01  -5.1817237e-01
   1.0000000e+00  -6.5611724e-01
   1.0200000e+00  -2.7713653e-01
   1.0400000e+00  -2.4309477e-01
   1.0600000e+00   5.0456838e-02
   1.0800000e+00  -1.1213291e-01
   1.1000000e+00  -3.0064814e-01
   1.1200000e+00  -3.6788935e-02
   1.1400000e+00  -2.5520479e-01
   1.1600000e+00   2.3810101e-03
   1.1800000e+00   5.6281440e-02
   1.2000000e+00   1.2534187e-01
   1.2200000e+00   1.2072256e-01
   1.2400000e+00   4.6159998e-01
   1.2600000e+00  -7.4758145e-02
   1.2800000e+00   4.4204853e-01
   1.3000000e+00   5.9064205e-01
   1.3200000e+00   6.1134255e-01
   1.3400000e+00   6.3270246e-01
   1.3600000e+00   5.7533176e-01
   1.3800000e+00   7.5080421e-01
   1.4000000e+00   7.7509191e-01
   1.4200000e+00   6.5375277e-01
   1.4400000e+00   6.7044735e-01
   1.4600000e+00   7.2516607e-01
   1.4800000e+00   5.2492521e-01
   1.5000000e+00   8.0583935e-01
   1.5200000e+00   9.0598019e-01
   1.5400000e+00   9.7176149e-01
   1.5600000e+00   1.2207728e+00
   1.5800000e+00   8.8182768e-01
   1.6000000e+00   1.0932299e+00
   1.6200000e+00   1.1415035e+00
   1.6400000e+00   1.1794856e+00
   1.6600000e+00   7.9897228e-01
   1.6800000e+00   1.0423281e+00
   1.7000000e+00   1.0464663e+00
   1.7200000e+00   7.9274811e-01
   1.7400000e+00   8.3776119e-01
   1.7600000e+00   1.1909859e+00
   1.7800000e+00   9.3311253e-01
   1.8000000e+00   1.0188569e+00
   1.8200000e+00   9.3659519e-01
   1.8400000e+00   7.6674838e-01
   1.8600000e+00   7.5358667e-01
   1.8800000e+00   9.2280913e-01
   1.9000000e+00   6.0970390e-01
   1.9200000e+00   9.1867883e-01
   1.9400000e+00   8.3627677e-01
   1.9600000e+00   5.1561052e-01
   1.9800000e+00   5.8187884e-01
