  -9.9913372e-02
  -2.2503356e-01
  -4.7385063e-02
  -3.2256368e-02
  -1.7647688e-01
   5.6718737e-02
   5.6226025e-02
  -6.6582859e-02
  -3.0067871e-02
  -4.5194370e-02
  -8.1084027e-02
   1.0509788e-02
  -1.2046891e-01
   1.5719135e-01
  -7.4188293e-02
  -4.8517493e-02
   4.7455476e-02
  -5.2560499e-02
  -6.7284564e-02
  -1.4015615e-01
  -2.6658032e-02
  -1.8887711e-01
   1.7026936e-02
   1.0881301e-01
  -1.2185324e-01
   3.3993583e-02
   7.4463134e-02
  -2.0944338e-01
  -1.9330406e-01
   8.7719252e-03
  -8.7462694e-02
   2.2396039e-02
   3.5828787e-02
   2.6325822e-02
   8.5025199e-02
   2.3721210e-02
   7.6800777e-02
  -1.6167861e-01
  -4.2567694e-02
  -5.5422280e-02
  -1.9932663e-01
  -1.2360361e-02
  -1.4291516e-01
   1.0506590e-01
  -1.1613961e-01
   1.8061078e-02
  -1.2062235e-02
  -1.2536180e-01
  -2.4941025e-01
  -3.7423860e-02
  -1.3171885e-01
   3.1655560e-02
   2.1866724e-02
   1.4124148e-01
   3.2059140e-02
  -9.0465247e-02
   1.2944297e-02
  -1.2491005e-01
  -2.4765125e-02
  -2.6330065e-02
  -2.0038548e-02
  -5.0157962e-02
   9.3060899e-02
  -2.0157904e-01
   3.1299212e-02
   8.1190836e-02
   6.8447091e-02
   5.7542053e-02
   8.9848772e-03
   7.8736748e-02
   7.4938785e-02
   6.1216139e-04
  -2.2158427e-03
   1.6595923e-02
  -8.9349773e-02
   4.8047420e-02
   9.7814613e-02
   1.3309796e-01
   2.6257930e-01
   1.0050021e-01
   2.1579476e-01
   2.5145451e-01
   2.8358944e-01
   1.0781713e-01
   2.4483203e-01
   2.6261098e-01
   1.5141511e-01
   1.8917914e-01
   3.8034453e-01
   2.6501818e-01
   3.2038017e-01
   2.9050150e-01
   2.1553617e-01
   2.1762372e-01
   3.0966757e-01
   1.5944678e-01
   3.1952699e-01
   2.8354552e-01
   1.2840061e-01
   1.6700964e-01
   5.7241152e-02
  -6.1959180e-02
   2.3930223e-01
   7.1658951e-02
   1.3986912e-01
   1.1518225e-01
   7.9805749e-02
  -3.5560385e-02
  -4.1343445e-02
   5.8561025e-03
  -8.3986413e-02
  -7.8369031e-02
   1.6830069e-01
   2.1523380e-02
  -1.1001311e-01
   4.0033372e-03
  -1.0794273e-01
  -1.3323319e-01
  -2.8001534e-02
   8.8210224e-02
  -2.4487320e-03
   3.8273843e-02
  -1.6072651e-01
  -1.1139582e-01
  -1.1761465e-01
  -2.4055343e-01
  -2.7601240e-01
  -6.7309824e-02
  -1.6123569e-01
  -2.0786625e-01
  -1.6044545e-02
   5.7009589e-03
  -6.9107800e-04
   3.8383390e-01
   4.5959294e-01
   7.7589180e-01
   9.3775844e-01
   9.2537838e-01
   9.8152016e-01
   1.1503260e+00
   1.0946907e+00
   9.4032651e-01
   9.1103315e-01
   8.1006267e-01
   3.9376920e-01
   1.5791057e-01
   3.4674919e-02
  -2.3729355e-02
  -2.8593377e-01
  -3.9290631e-01
  -3.2141821e-01
  -3.2143224e-01
  -2.4688188e-01
  -3.1853045e-01
  -2.2999839e-01
  -2.1382003e-01
  -1.3740748e-01
   5.8110847e-02
  -1.3008320e-01
  -1.8591910e-01
   8.2325733e-03
  -1.2067525e-01
  -2.1133539e-02
  -8.3541309e-02
   3.5871866e-02
   4.0502594e-02
  -3.2211448e-02
  -2.1420798e-01
   7.7977202e-03
   1.5747279e-01
   1.0402458e-01
  -1.5143890e-01
   3.6101116e-03
  -5.1315724e-02
  -7.9693242e-02
  -9.4184992e-02
   6.5224736e-02
   1.1212851e-03
   5.8003215e-02
   2.4717223e-02
   2.4833581e-02
   1.1902192e-01
   1.6613032e-01
   3.1667690e-01
  -1.7336967e-02
   2.9815985e-02
   2.5026497e-01
   1.2258346e-01
   3.9141838e-02
   2.2508547e-01
   3.6559964e-01
   2.9820275e-01
   4.4058489e-01
   3.1291894e-01
   4.6660016e-01
   2.6381277e-01
   2.0131961e-01
   3.1135894e-01
   4.6816173e-01
   2.5350743e-01
   4.4381568e-01
   3.3433053e-01
   4.6266267e-01
   3.0939792e-01
   4.3847127e-01
   2.3845661e-01
   3.9710426e-01
   4.9849706e-01
   4.2438067e-01
   5.8257668e-01
   3.9643649e-01
   2.2585259e-01
   3.3204461e-01
   5.5564612e-01
   4.3182039e-01
   4.7246274e-01
   5.1883915e-01
   2.0087922e-01
   3.3572084e-01
   3.1592731e-01
   2.6974976e-01
   3.3773140e-01
   4.9171755e-01
   3.1887750e-01
   4.2812534e-01
   2.1809631e-01
   2.7060318e-01
   1.7361121e-01
   2.9267572e-01
   1.9108727e-01
   2.4670335e-01
   2.4835098e-01
   1.5701892e-01
   2.3765714e-01
   3.6423175e-01
   1.7110281e-01
   1.0366504e-01
   1.8328613e-01
   8.5563453e-02
  -4.1885118e-02
   1.0706555e-01
   4.8533821e-02
   1.2735911e-02
   1.6010826e-01
   2.1166440e-01
  -3.3343206e-02
   2.3538578e-02
  -7.2625412e-02
   7.1748566e-02
  -2.3660840e-01
   9.5544410e-02
   1.5594362e-02
   1.7481101e-02
   1.1065523e-01
  -3.9820902e-02
  -2.7014953e-02
  -1.4181456e-01
  -1.8193608e-01
  -8.6519444e-02
   1.1530205e-02
  -7.0903090e-02
  -1.5021299e-01
   9.0456858e-02
  -8.7864637e-02
  -1.7537507e-02
  -1.6165826e-02
  -4.0635703e-02
   2.4459727e-02
  -4.1005395e-02
  -1.8034184e-01
  -1.1613096e-01
   1.1806102e-02
  -1.3742642e-01
  -4.5756416e-02
  -1.0446086e-01
  -1.2708394e-01
  -1.1106457e-01
  -4.8452975e-02
   9.7401267e-03
  -1.8573252e-02
   1.0011239e-01
  -3.0181055e-02
  -1.5674403e-01
  -3.3691997e-03
   3.4373527e-03
   2.8591510e-02
   4.7553543e-02
   1.2600764e-01
  -5.5958928e-02
   2.5522234e-02
  -1.2622875e-03
  -5.7361717e-02
   2.1490019e-01
  -2.3892272e-02
  -1.3848784e-01
   1.8006622e-01
   3.6197471e-02
  -1.0767863e-01
   6.6859115e-02
   1.3242591e-01
